Month	L	M	S	SD	P01	P1	P3	P5	P10	P15	P25	P50	P75	P85	P90	P95	P97	P99	P999
0	1	49.1477	0.0379	1.8627	43.4	44.8	45.6	46.1	46.8	47.2	47.9	49.1	50.4	51.1	51.5	52.2	52.7	53.5	54.9
1	1	53.6872	0.0364	1.9542	47.6	49.1	50	50.5	51.2	51.7	52.4	53.7	55	55.7	56.2	56.9	57.4	58.2	59.7
2	1	57.0673	0.03568	2.0362	50.8	52.3	53.2	53.7	54.5	55	55.7	57.1	58.4	59.2	59.7	60.4	60.9	61.8	63.4
3	1	59.8029	0.0352	2.1051	53.3	54.9	55.8	56.3	57.1	57.6	58.4	59.8	61.2	62	62.5	63.3	63.8	64.7	66.3
4	1	62.0899	0.03486	2.1645	55.4	57.1	58	58.5	59.3	59.8	60.6	62.1	63.5	64.3	64.9	65.7	66.2	67.1	68.8
5	1	64.0301	0.03463	2.2174	57.2	58.9	59.9	60.4	61.2	61.7	62.5	64	65.5	66.3	66.9	67.7	68.2	69.2	70.9
6	1	65.7311	0.03448	2.2664	58.7	60.5	61.5	62	62.8	63.4	64.2	65.7	67.3	68.1	68.6	69.5	70	71	72.7
7	1	67.2873	0.03441	2.3154	60.1	61.9	62.9	63.5	64.3	64.9	65.7	67.3	68.8	69.7	70.3	71.1	71.6	72.7	74.4
8	1	68.7498	0.0344	2.365	61.4	63.2	64.3	64.9	65.7	66.3	67.2	68.7	70.3	71.2	71.8	72.6	73.2	74.3	76.1
9	1	70.1435	0.03444	2.4157	62.7	64.5	65.6	66.2	67	67.6	68.5	70.1	71.8	72.6	73.2	74.1	74.7	75.8	77.6
10	1	71.4818	0.03452	2.4676	63.9	65.7	66.8	67.4	68.3	68.9	69.8	71.5	73.1	74	74.6	75.5	76.1	77.2	79.1
11	1	72.771	0.03464	2.5208	65	66.9	68	68.6	69.5	70.2	71.1	72.8	74.5	75.4	76	76.9	77.5	78.6	80.6
12	1	74.015	0.03479	2.575	66.1	68	69.2	69.8	70.7	71.3	72.3	74	75.8	76.7	77.3	78.3	78.9	80	82
13	1	75.2176	0.03496	2.6296	67.1	69.1	70.3	70.9	71.8	72.5	73.4	75.2	77	77.9	78.6	79.5	80.2	81.3	83.3
14	1	76.3817	0.03514	2.6841	68.1	70.1	71.3	72	72.9	73.6	74.6	76.4	78.2	79.2	79.8	80.8	81.4	82.6	84.7
15	1	77.5099	0.03534	2.7392	69	71.1	72.4	73	74	74.7	75.7	77.5	79.4	80.3	81	82	82.7	83.9	86
16	1	78.6055	0.03555	2.7944	70	72.1	73.3	74	75	75.7	76.7	78.6	80.5	81.5	82.2	83.2	83.9	85.1	87.2
17	1	79.671	0.03576	2.849	70.9	73	74.3	75	76	76.7	77.7	79.7	81.6	82.6	83.3	84.4	85	86.3	88.5
18	1	80.7079	0.03598	2.9039	71.7	74	75.2	75.9	77	77.7	78.7	80.7	82.7	83.7	84.4	85.5	86.2	87.5	89.7
19	1	81.7182	0.0362	2.9582	72.6	74.8	76.2	76.9	77.9	78.7	79.7	81.7	83.7	84.8	85.5	86.6	87.3	88.6	90.9
20	1	82.7036	0.03643	3.0129	73.4	75.7	77	77.7	78.8	79.6	80.7	82.7	84.7	85.8	86.6	87.7	88.4	89.7	92
21	1	83.6654	0.03666	3.0672	74.2	76.5	77.9	78.6	79.7	80.5	81.6	83.7	85.7	86.8	87.6	88.7	89.4	90.8	93.1
22	1	84.604	0.03688	3.1202	75	77.3	78.7	79.5	80.6	81.4	82.5	84.6	86.7	87.8	88.6	89.7	90.5	91.9	94.2
23	1	85.5202	0.03711	3.1737	75.7	78.1	79.6	80.3	81.5	82.2	83.4	85.5	87.7	88.8	89.6	90.7	91.5	92.9	95.3
24	1	86.4153	0.03734	3.2267	76.4	78.9	80.3	81.1	82.3	83.1	84.2	86.4	88.6	89.8	90.6	91.7	92.5	93.9	96.4
25	1	86.5904	0.03786	3.2783	76.5	79	80.4	81.2	82.4	83.2	84.4	86.6	88.8	90	90.8	92	92.8	94.2	96.7
26	1	87.4462	0.03808	3.33	77.2	79.7	81.2	82	83.2	84	85.2	87.4	89.7	90.9	91.7	92.9	93.7	95.2	97.7
27	1	88.283	0.0383	3.3812	77.8	80.4	81.9	82.7	83.9	84.8	86	88.3	90.6	91.8	92.6	93.8	94.6	96.1	98.7
28	1	89.1004	0.03851	3.4313	78.5	81.1	82.6	83.5	84.7	85.5	86.8	89.1	91.4	92.7	93.5	94.7	95.6	97.1	99.7
29	1	89.8991	0.03872	3.4809	79.1	81.8	83.4	84.2	85.4	86.3	87.6	89.9	92.2	93.5	94.4	95.6	96.4	98	100.7
30	1	90.6797	0.03893	3.5302	79.8	82.5	84	84.9	86.2	87	88.3	90.7	93.1	94.3	95.2	96.5	97.3	98.9	101.6
31	1	91.443	0.03913	3.5782	80.4	83.1	84.7	85.6	86.9	87.7	89	91.4	93.9	95.2	96	97.3	98.2	99.8	102.5
32	1	92.1906	0.03933	3.6259	81	83.8	85.4	86.2	87.5	88.4	89.7	92.2	94.6	95.9	96.8	98.2	99	100.6	103.4
33	1	92.9239	0.03952	3.6724	81.6	84.4	86	86.9	88.2	89.1	90.4	92.9	95.4	96.7	97.6	99	99.8	101.5	104.3
34	1	93.6444	0.03971	3.7186	82.2	85	86.7	87.5	88.9	89.8	91.1	93.6	96.2	97.5	98.4	99.8	100.6	102.3	105.1
35	1	94.3533	0.03989	3.7638	82.7	85.6	87.3	88.2	89.5	90.5	91.8	94.4	96.9	98.3	99.2	100.5	101.4	103.1	106
36	1	95.0515	0.04006	3.8078	83.3	86.2	87.9	88.8	90.2	91.1	92.5	95.1	97.6	99	99.9	101.3	102.2	103.9	106.8
37	1	95.7399	0.04024	3.8526	83.8	86.8	88.5	89.4	90.8	91.7	93.1	95.7	98.3	99.7	100.7	102.1	103	104.7	107.6
38	1	96.4187	0.04041	3.8963	84.4	87.4	89.1	90	91.4	92.4	93.8	96.4	99	100.5	101.4	102.8	103.7	105.5	108.5
39	1	97.0885	0.04057	3.9389	84.9	87.9	89.7	90.6	92	93	94.4	97.1	99.7	101.2	102.1	103.6	104.5	106.3	109.3
40	1	97.7493	0.04073	3.9813	85.4	88.5	90.3	91.2	92.6	93.6	95.1	97.7	100.4	101.9	102.9	104.3	105.2	107	110.1
41	1	98.4015	0.04089	4.0236	86	89	90.8	91.8	93.2	94.2	95.7	98.4	101.1	102.6	103.6	105	106	107.8	110.8
42	1	99.0448	0.04105	4.0658	86.5	89.6	91.4	92.4	93.8	94.8	96.3	99	101.8	103.3	104.3	105.7	106.7	108.5	111.6
43	1	99.6795	0.0412	4.1068	87	90.1	92	92.9	94.4	95.4	96.9	99.7	102.4	103.9	104.9	106.4	107.4	109.2	112.4
44	1	100.3058	0.04135	4.1476	87.5	90.7	92.5	93.5	95	96	97.5	100.3	103.1	104.6	105.6	107.1	108.1	110	113.1
45	1	100.9238	0.0415	4.1883	88	91.2	93	94	95.6	96.6	98.1	100.9	103.7	105.3	106.3	107.8	108.8	110.7	113.9
46	1	101.5337	0.04164	4.2279	88.5	91.7	93.6	94.6	96.1	97.2	98.7	101.5	104.4	105.9	107	108.5	109.5	111.4	114.6
47	1	102.136	0.04179	4.2683	88.9	92.2	94.1	95.1	96.7	97.7	99.3	102.1	105	106.6	107.6	109.2	110.2	112.1	115.3
48	1	102.7312	0.04193	4.3075	89.4	92.7	94.6	95.6	97.2	98.3	99.8	102.7	105.6	107.2	108.3	109.8	110.8	112.8	116
49	1	103.3197	0.04206	4.3456	89.9	93.2	95.1	96.2	97.8	98.8	100.4	103.3	106.3	107.8	108.9	110.5	111.5	113.4	116.7
50	1	103.9021	0.0422	4.3847	90.4	93.7	95.7	96.7	98.3	99.4	100.9	103.9	106.9	108.4	109.5	111.1	112.1	114.1	117.5
51	1	104.4786	0.04233	4.4226	90.8	94.2	96.2	97.2	98.8	99.9	101.5	104.5	107.5	109.1	110.1	111.8	112.8	114.8	118.1
52	1	105.0494	0.04246	4.4604	91.3	94.7	96.7	97.7	99.3	100.4	102	105	108.1	109.7	110.8	112.4	113.4	115.4	118.8
53	1	105.6148	0.04259	4.4981	91.7	95.2	97.2	98.2	99.9	101	102.6	105.6	108.6	110.3	111.4	113	114.1	116.1	119.5
54	1	106.1748	0.04272	4.5358	92.2	95.6	97.6	98.7	100.4	101.5	103.1	106.2	109.2	110.9	112	113.6	114.7	116.7	120.2
55	1	106.7295	0.04285	4.5734	92.6	96.1	98.1	99.2	100.9	102	103.6	106.7	109.8	111.5	112.6	114.3	115.3	117.4	120.9
56	1	107.2788	0.04298	4.6108	93	96.6	98.6	99.7	101.4	102.5	104.2	107.3	110.4	112.1	113.2	114.9	116	118	121.5
57	1	107.8227	0.0431	4.6472	93.5	97	99.1	100.2	101.9	103	104.7	107.8	111	112.6	113.8	115.5	116.6	118.6	122.2
58	1	108.3613	0.04322	4.6834	93.9	97.5	99.6	100.7	102.4	103.5	105.2	108.4	111.5	113.2	114.4	116.1	117.2	119.3	122.8
59	1	108.8948	0.04334	4.7195	94.3	97.9	100	101.1	102.8	104	105.7	108.9	112.1	113.8	114.9	116.7	117.8	119.9	123.5
60	1	109.4233	0.04347	4.7566	94.7	98.4	100.5	101.6	103.3	104.5	106.2	109.4	112.6	114.4	115.5	117.2	118.4	120.5	124.1